0.0
0.0
0.0
0.0
0.0
0.0
0.0
0.0
0.0
0.0
0.0
0.0
0.0
0.0
0.0
0.0
0.0
0.0
0.0
0.0
0.0
0.0
0.0
0.0
0.0
0.0
0.0
0.0
0.0
0.0
0.0
0.0
0.0
0.0
0.0
0.0
0.0
0.0
0.0
0.0
0.0
0.0
0.0
0.0
0.0
0.0
0.0
0.0
0.0
0.4
0.4
0.4
0.4
0.4
0.4
0.4
0.4
0.4
0.4
0.4
0.4
0.4
0.4
0.4
0.4
0.4
0.4
0.4
0.4
0.4
0.4
0.4
0.4
0.4
0.64
0.64
0.64
0.64
0.64
0.64
0.64
0.64
0.64
0.64
0.64
0.64
0.64
0.784
0.784
0.784
0.784
0.784
0.784
0.8704
0.8704
0.8704
0.92224
0.92224
0.953344
0.0
0.0
0.0
0.0
0.0
0.0
0.0
0.0
0.0
0.0
0.0
0.0
0.0
0.0
0.0
0.0
0.0
0.0
0.0
0.0
0.0
0.0
0.0
0.0
0.16
0.16
0.16
0.16
0.16
0.16
0.16
0.16
0.16
0.16
0.16
0.16
0.16
0.256
0.256
0.256
0.256
0.256
0.256
0.3136
0.3136
0.3136
0.34816
0.34816
0.368896
0.368896
0.368896
0.368896
0.368896
0.368896
0.368896
0.368896
0.368896
0.368896
0.368896
0.368896
0.368896
0.368896
0.368896
0.368896
0.368896
0.368896
0.368896
0.368896
0.368896
0.368896
0.368896
0.368896
0.368896
0.368896
0.368896
0.368896
0.368896
0.368896
0.368896
0.368896
0.368896
0.368896
0.368896
0.368896
0.368896
0.368896
0.368896
0.368896
0.368896
0.368896
0.368896
0.368896
0.368896
0.368896
0.368896
0.368896
0.368896
0.368896
0.368896
0.0
0.0
0.0
0.0
0.0
0.0
0.0
0.0
0.0
0.0
0.0
0.0
0.064
0.064
0.064
0.064
0.064
0.064
0.1024
0.1024
0.1024
0.12544
0.12544
0.139264
0.139264
0.139264
0.139264
0.139264
0.139264
0.139264
0.139264
0.139264
0.139264
0.139264
0.139264
0.139264
0.139264
0.139264
0.139264
0.139264
0.139264
0.139264
0.139264
0.139264
0.139264
0.139264
0.139264
0.139264
0.139264
0.139264
0.139264
0.139264
0.139264
0.139264
0.139264
0.139264
0.139264
0.139264
0.139264
0.139264
0.139264
0.139264
0.139264
0.139264
0.139264
0.139264
0.139264
0.139264
0.139264
0.139264
0.139264
0.139264
0.139264
0.139264
0.139264
0.139264
0.139264
0.139264
0.139264
0.139264
0.139264
0.139264
0.139264
0.139264
0.139264
0.139264
0.139264
0.139264
0.139264
0.139264
0.139264
0.139264
0.139264
0.139264
0.139264
0.139264
0.139264
0.139264
0.139264
0.0
0.0
0.0
0.0
0.0
0.0
0.0256
0.0256
0.0256
0.04096
0.050176
0.0557056
0.0557056
0.0557056
0.0557056
0.0557056
0.0557056
0.0557056
0.0557056
0.0557056
0.0557056
0.0557056
0.0557056
0.0557056
0.0557056
0.0557056
0.0557056
0.0557056
0.0557056
0.0557056
0.0557056
0.0557056
0.0557056
0.0557056
0.0557056
0.0557056
0.0557056
0.0557056
0.0557056
0.0557056
0.0557056
0.0557056
0.0557056
0.0557056
0.0557056
0.0557056
0.0557056
0.0557056
0.0557056
0.0557056
0.0557056
0.0557056
0.0557056
0.0557056
0.0557056
0.0557056
0.0557056
0.0557056
0.0557056
0.0557056
0.0557056
0.0557056
0.0557056
0.0557056
0.0557056
0.0557056
0.0557056
0.0557056
0.0557056
0.0557056
0.0557056
0.0557056
0.0557056
0.0557056
0.0557056
0.0557056
0.0557056
0.0557056
0.0557056
0.0557056
0.0557056
0.0557056
0.0557056
0.0557056
0.0557056
0.0557056
0.0557056
0.0557056
0.0557056
0.0557056
0.0557056
0.0557056
0.0557056
0.0557056
0.0557056
0.0557056
0.0557056
0.0557056
0.0557056
0.0
0.0
0.0
0.01024
0.016384
0.02228224
0.02228224
0.02228224
0.02228224
0.02228224
0.02228224
0.02228224
0.02228224
0.02228224
0.02228224
0.02228224
0.02228224
0.02228224
0.02228224
0.02228224
0.02228224
0.02228224
0.02228224
0.02228224
0.02228224
0.02228224
0.02228224
0.02228224
0.02228224
0.02228224
0.02228224
0.02228224
0.02228224
0.02228224
0.02228224
0.02228224
0.02228224
0.02228224
0.02228224
0.02228224
0.02228224
0.02228224
0.02228224
0.02228224
0.02228224
0.02228224
0.02228224
0.02228224
0.02228224
0.02228224
0.02228224
0.02228224
0.02228224
0.02228224
0.02228224
0.02228224
0.02228224
0.02228224
0.02228224
0.02228224
0.02228224
0.02228224
0.02228224
0.02228224
0.02228224
0.02228224
0.02228224
0.02228224
0.02228224
0.02228224
0.02228224
0.02228224
0.02228224
0.02228224
0.02228224
0.02228224
0.02228224
0.02228224
0.02228224
0.02228224
0.02228224
0.02228224
0.02228224
0.02228224
0.02228224
0.02228224
0.02228224
0.02228224
0.02228224
0.02228224
0.02228224
0.02228224
0.02228224
0.02228224
0.02228224
0.02228224
0.02228224
0.02228224
0.02228224
0.0
0.004096
0.008912896
0.008912896
0.008912896
0.008912896
0.008912896
0.008912896
0.008912896
0.008912896
0.008912896
0.008912896
0.008912896
0.008912896
0.008912896
0.008912896
0.008912896
0.008912896
0.008912896
0.008912896
0.008912896
0.008912896
0.008912896
0.008912896
0.008912896
0.008912896
0.008912896
0.008912896
0.008912896
0.008912896
0.008912896
0.008912896
0.008912896
0.008912896
0.008912896
0.008912896
0.008912896
0.008912896
0.008912896
0.008912896
0.008912896
0.008912896
0.008912896
0.008912896
0.008912896
0.008912896
0.008912896
0.008912896
0.008912896
0.008912896
0.008912896
0.008912896
0.008912896
0.008912896
0.008912896
0.008912896
0.008912896
0.008912896
0.008912896
0.008912896
0.008912896
0.008912896
0.008912896
0.008912896
0.008912896
0.008912896
0.008912896
0.008912896
0.008912896
0.008912896
0.008912896
0.008912896
0.008912896
0.008912896
0.008912896
0.008912896
0.008912896
0.008912896
0.008912896
0.008912896
0.008912896
0.008912896
0.008912896
0.008912896
0.008912896
0.008912896
0.008912896
0.008912896
0.008912896
0.008912896
0.008912896
0.008912896
0.008912896
0.008912896
0.008912896
0.008912896
0.008912896
0.008912896
0.008912896
0.0016384
0.0016384
0.0016384
0.0016384
0.0016384
0.0016384
0.0016384
0.0016384
0.0016384
0.0016384
0.0016384
0.0016384
0.0016384
0.0016384
0.0016384
0.0016384
0.0016384
0.0016384
0.0016384
0.0016384
0.0016384
0.0016384
0.0016384
0.0016384
0.0016384
0.0016384
0.0016384
0.0016384
0.0016384
0.0016384
0.0016384
0.0016384
0.0016384
0.0016384
0.0016384
0.0016384
0.0016384
0.0016384
0.0016384
0.0016384
0.0016384
0.0016384
0.0016384
0.0016384
0.0016384
0.0016384
0.0016384
0.0016384
0.0016384
0.0016384
0.0016384
0.0016384
0.0016384
0.0016384
0.0016384
0.0016384
0.0016384
0.0016384
0.0016384
0.0016384
0.0016384
0.0016384
0.0016384
0.0016384
0.0016384
0.0016384
0.0016384
0.0016384
0.0016384
0.0016384
0.0016384
0.0016384
0.0016384
0.0016384
0.0016384
0.0016384
0.0016384
0.0016384
0.0016384
0.0016384
0.0016384
0.0016384
0.0016384
0.0016384
0.0016384
0.0016384
0.0016384
0.0016384
0.0016384
0.0016384
0.0016384
0.0016384
0.0016384
0.0016384
0.0016384
0.0016384
0.0016384
0.0016384
0.0016384
0.000393216
0.000393216
0.000393216
0.000393216
0.000393216
0.000393216
0.000393216
0.000393216
0.000393216
0.000393216
0.000393216
0.000393216
0.000393216
0.000393216
0.000393216
0.000393216
0.000393216
0.000393216
0.000393216
0.000393216
0.000393216
0.000393216
0.000393216
0.000393216
0.000393216
0.000393216
0.000393216
0.000393216
0.000393216
0.000393216
0.000393216
0.000393216
0.000393216
0.000393216
0.000393216
0.000393216
0.000393216
0.000393216
0.000393216
0.000393216
0.000393216
0.000393216
0.000393216
0.000393216
0.000393216
0.000393216
0.000393216
0.000393216
0.000393216
0.000393216
0.000393216
0.000393216
0.000393216
0.000393216
0.000393216
0.000393216
0.000393216
0.000393216
0.000393216
0.000393216
0.000393216
0.000393216
0.000393216
0.000393216
0.000393216
0.000393216
0.000393216
0.000393216
0.000393216
0.000393216
0.000393216
0.000393216
0.000393216
0.000393216
0.000393216
0.000393216
0.000393216
0.000393216
0.000393216
0.000393216
0.000393216
0.000393216
0.000393216
0.000393216
0.000393216
0.000393216
0.000393216
0.000393216
0.000393216
0.000393216
0.000393216
0.000393216
0.000393216
0.000393216
0.000393216
0.000393216
0.000393216
0.000393216
0.000393216
0.0
7.6025954304e-05
7.6025954304e-05
7.6025954304e-05
7.6025954304e-05
7.6025954304e-05
7.6025954304e-05
7.6025954304e-05
7.6025954304e-05
7.6025954304e-05
7.6025954304e-05
7.6025954304e-05
7.6025954304e-05
7.6025954304e-05
7.6025954304e-05
7.6025954304e-05
7.6025954304e-05
7.6025954304e-05
7.6025954304e-05
7.6025954304e-05
7.6025954304e-05
7.6025954304e-05
7.6025954304e-05
7.6025954304e-05
7.6025954304e-05
7.6025954304e-05
7.6025954304e-05
7.6025954304e-05
7.6025954304e-05
7.6025954304e-05
7.6025954304e-05
7.6025954304e-05
7.6025954304e-05
7.6025954304e-05
7.6025954304e-05
7.6025954304e-05
7.6025954304e-05
7.6025954304e-05
7.6025954304e-05
7.6025954304e-05
7.6025954304e-05
7.6025954304e-05
7.6025954304e-05
7.6025954304e-05
7.6025954304e-05
7.6025954304e-05
7.6025954304e-05
7.6025954304e-05
7.6025954304e-05
7.6025954304e-05
7.6025954304e-05
7.6025954304e-05
7.6025954304e-05
7.6025954304e-05
7.6025954304e-05
7.6025954304e-05
7.6025954304e-05
7.6025954304e-05
7.6025954304e-05
7.6025954304e-05
7.6025954304e-05
7.6025954304e-05
7.6025954304e-05
7.6025954304e-05
7.6025954304e-05
7.6025954304e-05
7.6025954304e-05
7.6025954304e-05
7.6025954304e-05
7.6025954304e-05
7.6025954304e-05
7.6025954304e-05
7.6025954304e-05
7.6025954304e-05
7.6025954304e-05
7.6025954304e-05
7.6025954304e-05
7.6025954304e-05
7.6025954304e-05
7.6025954304e-05
7.6025954304e-05
7.6025954304e-05
7.6025954304e-05
7.6025954304e-05
7.6025954304e-05
7.6025954304e-05
7.6025954304e-05
7.6025954304e-05
7.6025954304e-05
7.6025954304e-05
7.6025954304e-05
7.6025954304e-05
7.6025954304e-05
7.6025954304e-05
7.6025954304e-05
7.6025954304e-05
7.6025954304e-05
7.6025954304e-05
7.6025954304e-05
3.04103817216e-05
3.04103817216e-05
3.04103817216e-05
3.04103817216e-05
3.04103817216e-05
3.04103817216e-05
3.04103817216e-05
3.04103817216e-05
3.04103817216e-05
3.04103817216e-05
3.04103817216e-05
3.04103817216e-05
3.04103817216e-05
3.04103817216e-05
3.04103817216e-05
3.04103817216e-05
3.04103817216e-05
3.04103817216e-05
3.04103817216e-05
3.04103817216e-05
3.04103817216e-05
3.04103817216e-05
3.04103817216e-05
3.04103817216e-05
3.04103817216e-05
3.04103817216e-05
3.04103817216e-05
3.04103817216e-05
3.04103817216e-05
3.04103817216e-05
3.04103817216e-05
3.04103817216e-05
3.04103817216e-05
3.04103817216e-05
3.04103817216e-05
3.04103817216e-05
3.04103817216e-05
3.04103817216e-05
3.04103817216e-05
3.04103817216e-05
3.04103817216e-05
3.04103817216e-05
3.04103817216e-05
3.04103817216e-05
3.04103817216e-05
3.04103817216e-05
3.04103817216e-05
3.04103817216e-05
3.04103817216e-05
3.04103817216e-05
3.04103817216e-05
3.04103817216e-05
3.04103817216e-05
3.04103817216e-05
3.04103817216e-05
3.04103817216e-05
3.04103817216e-05
3.04103817216e-05
3.04103817216e-05
3.04103817216e-05
3.04103817216e-05
3.04103817216e-05
3.04103817216e-05
3.04103817216e-05
3.04103817216e-05
3.04103817216e-05
3.04103817216e-05
3.04103817216e-05
3.04103817216e-05
3.04103817216e-05
3.04103817216e-05
3.04103817216e-05
3.04103817216e-05
3.04103817216e-05
3.04103817216e-05
3.04103817216e-05
3.04103817216e-05
3.04103817216e-05
3.04103817216e-05
3.04103817216e-05
3.04103817216e-05
3.04103817216e-05
3.04103817216e-05
3.04103817216e-05
3.04103817216e-05
3.04103817216e-05
3.04103817216e-05
3.04103817216e-05
3.04103817216e-05
3.04103817216e-05
3.04103817216e-05
3.04103817216e-05
3.04103817216e-05
3.04103817216e-05
3.04103817216e-05
3.04103817216e-05
3.04103817216e-05
3.04103817216e-05
3.04103817216e-05
2.64180754022e-06
2.64180754022e-06
2.64180754022e-06
2.64180754022e-06
2.64180754022e-06
2.64180754022e-06
2.64180754022e-06
2.64180754022e-06
2.64180754022e-06
2.64180754022e-06
2.64180754022e-06
2.64180754022e-06
2.64180754022e-06
2.64180754022e-06
2.64180754022e-06
2.64180754022e-06
2.64180754022e-06
2.64180754022e-06
2.64180754022e-06
2.64180754022e-06
2.64180754022e-06
2.64180754022e-06
2.64180754022e-06
2.64180754022e-06
2.64180754022e-06
2.64180754022e-06
2.64180754022e-06
2.64180754022e-06
2.64180754022e-06
2.64180754022e-06
2.64180754022e-06
2.64180754022e-06
2.64180754022e-06
2.64180754022e-06
2.64180754022e-06
2.64180754022e-06
2.64180754022e-06
2.64180754022e-06
2.64180754022e-06
2.64180754022e-06
2.64180754022e-06
2.64180754022e-06
2.64180754022e-06
2.64180754022e-06
2.64180754022e-06
2.64180754022e-06
2.64180754022e-06
2.64180754022e-06
2.64180754022e-06
2.64180754022e-06
2.64180754022e-06
2.64180754022e-06
2.64180754022e-06
2.64180754022e-06
2.64180754022e-06
2.64180754022e-06
2.64180754022e-06
2.64180754022e-06
2.64180754022e-06
2.64180754022e-06
2.64180754022e-06
2.64180754022e-06
2.64180754022e-06
2.64180754022e-06
2.64180754022e-06
2.64180754022e-06
2.64180754022e-06
2.64180754022e-06
2.64180754022e-06
2.64180754022e-06
2.64180754022e-06
2.64180754022e-06
2.64180754022e-06
2.64180754022e-06
2.64180754022e-06
2.64180754022e-06
2.64180754022e-06
2.64180754022e-06
2.64180754022e-06
2.64180754022e-06
2.64180754022e-06
2.64180754022e-06
2.64180754022e-06
2.64180754022e-06
2.64180754022e-06
2.64180754022e-06
2.64180754022e-06
2.64180754022e-06
2.64180754022e-06
2.64180754022e-06
2.64180754022e-06
2.64180754022e-06
2.64180754022e-06
2.64180754022e-06
2.64180754022e-06
2.64180754022e-06
2.64180754022e-06
2.64180754022e-06
2.64180754022e-06
9.04554901773e-07
9.04554901773e-07
9.04554901773e-07
9.04554901773e-07
9.04554901773e-07
9.04554901773e-07
9.04554901773e-07
9.04554901773e-07
9.04554901773e-07
9.04554901773e-07
9.04554901773e-07
9.04554901773e-07
9.04554901773e-07
9.04554901773e-07
9.04554901773e-07
9.04554901773e-07
9.04554901773e-07
9.04554901773e-07
9.04554901773e-07
9.04554901773e-07
9.04554901773e-07
9.04554901773e-07
9.04554901773e-07
9.04554901773e-07
9.04554901773e-07
9.04554901773e-07
9.04554901773e-07
9.04554901773e-07
9.04554901773e-07
9.04554901773e-07
9.04554901773e-07
9.04554901773e-07
9.04554901773e-07
9.04554901773e-07
9.04554901773e-07
9.04554901773e-07
9.04554901773e-07
9.04554901773e-07
9.04554901773e-07
9.04554901773e-07
9.04554901773e-07
9.04554901773e-07
9.04554901773e-07
9.04554901773e-07
9.04554901773e-07
9.04554901773e-07
9.04554901773e-07
9.04554901773e-07
9.04554901773e-07
9.04554901773e-07
9.04554901773e-07
9.04554901773e-07
9.04554901773e-07
9.04554901773e-07
9.04554901773e-07
9.04554901773e-07
9.04554901773e-07
9.04554901773e-07
9.04554901773e-07
9.04554901773e-07
9.04554901773e-07
9.04554901773e-07
9.04554901773e-07
9.04554901773e-07
9.04554901773e-07
9.04554901773e-07
9.04554901773e-07
9.04554901773e-07
9.04554901773e-07
9.04554901773e-07
9.04554901773e-07
9.04554901773e-07
9.04554901773e-07
9.04554901773e-07
9.04554901773e-07
9.04554901773e-07
9.04554901773e-07
9.04554901773e-07
9.04554901773e-07
9.04554901773e-07
9.04554901773e-07
9.04554901773e-07
9.04554901773e-07
9.04554901773e-07
9.04554901773e-07
9.04554901773e-07
9.04554901773e-07
9.04554901773e-07
9.04554901773e-07
9.04554901773e-07
9.04554901773e-07
9.04554901773e-07
9.04554901773e-07
9.04554901773e-07
9.04554901773e-07
9.04554901773e-07
9.04554901773e-07
9.04554901773e-07
9.04554901773e-07
5.07227047725e-08
5.07227047725e-08
5.07227047725e-08
5.07227047725e-08
5.07227047725e-08
5.07227047725e-08
5.07227047725e-08
5.07227047725e-08
5.47805211609e-08
5.47805211609e-08
7.81535435257e-08
7.81535435257e-08
7.81535435257e-08
7.81535435257e-08
7.81535435257e-08
7.81535435257e-08
7.81535435257e-08
7.81535435257e-08
7.81535435257e-08
7.81535435257e-08
7.81535435257e-08
7.81535435257e-08
7.81535435257e-08
7.81535435257e-08
7.81535435257e-08
7.81535435257e-08
7.81535435257e-08
7.81535435257e-08
7.81535435257e-08
7.81535435257e-08
7.81535435257e-08
7.81535435257e-08
7.81535435257e-08
7.81535435257e-08
7.81535435257e-08
7.81535435257e-08
7.81535435257e-08
7.81535435257e-08
7.81535435257e-08
7.81535435257e-08
7.81535435257e-08
7.81535435257e-08
7.81535435257e-08
7.81535435257e-08
7.81535435257e-08
7.81535435257e-08
7.81535435257e-08
7.81535435257e-08
7.81535435257e-08
7.81535435257e-08
7.81535435257e-08
7.81535435257e-08
7.81535435257e-08
7.81535435257e-08
7.81535435257e-08
7.81535435257e-08
7.81535435257e-08
7.81535435257e-08
7.81535435257e-08
7.81535435257e-08
7.81535435257e-08
7.81535435257e-08
7.81535435257e-08
7.81535435257e-08
7.81535435257e-08
7.81535435257e-08
7.81535435257e-08
7.81535435257e-08
7.81535435257e-08
7.81535435257e-08
7.81535435257e-08
7.81535435257e-08
7.81535435257e-08
7.81535435257e-08
7.81535435257e-08
7.81535435257e-08
7.81535435257e-08
7.81535435257e-08
7.81535435257e-08
7.81535435257e-08
7.81535435257e-08
7.81535435257e-08
7.81535435257e-08
7.81535435257e-08
7.81535435257e-08
7.81535435257e-08
7.81535435257e-08
7.81535435257e-08
7.81535435257e-08
7.81535435257e-08
7.81535435257e-08
7.81535435257e-08
7.81535435257e-08
7.81535435257e-08
7.81535435257e-08
7.81535435257e-08
7.81535435257e-08
7.81535435257e-08
7.81535435257e-08
0.0
0.0
0.0
2.20745211346e-09
7.46638214449e-09
1.30759075095e-08
1.30759075095e-08
1.30759075095e-08
1.87568504409e-08
1.87568504409e-08
1.87568504409e-08
1.87568504409e-08
1.87568504409e-08
1.87568504409e-08
1.87568504409e-08
1.87568504409e-08
1.87568504409e-08
1.87568504409e-08
1.87568504409e-08
1.87568504409e-08
1.87568504409e-08
1.87568504409e-08
1.87568504409e-08
1.87568504409e-08
1.87568504409e-08
1.87568504409e-08
1.87568504409e-08
1.87568504409e-08
1.87568504409e-08
1.87568504409e-08
1.87568504409e-08
1.87568504409e-08
1.87568504409e-08
1.87568504409e-08
1.87568504409e-08
1.87568504409e-08
1.87568504409e-08
1.87568504409e-08
1.87568504409e-08
1.87568504409e-08
1.87568504409e-08
1.87568504409e-08
1.87568504409e-08
1.87568504409e-08
1.87568504409e-08
1.87568504409e-08
1.87568504409e-08
1.87568504409e-08
1.87568504409e-08
1.87568504409e-08
1.87568504409e-08
1.87568504409e-08
1.87568504409e-08
1.87568504409e-08
1.87568504409e-08
1.87568504409e-08
1.87568504409e-08
1.87568504409e-08
1.87568504409e-08
1.87568504409e-08
1.87568504409e-08
1.87568504409e-08
1.87568504409e-08
1.87568504409e-08
1.87568504409e-08
1.87568504409e-08
1.87568504409e-08
1.87568504409e-08
1.87568504409e-08
1.87568504409e-08
1.87568504409e-08
1.87568504409e-08
1.87568504409e-08
1.87568504409e-08
1.87568504409e-08
1.87568504409e-08
1.87568504409e-08
1.87568504409e-08
1.87568504409e-08
1.87568504409e-08
1.87568504409e-08
1.87568504409e-08
1.87568504409e-08
1.87568504409e-08
1.87568504409e-08
1.87568504409e-08
1.87568504409e-08
1.87568504409e-08
1.87568504409e-08
1.87568504409e-08
1.87568504409e-08
1.87568504409e-08
1.87568504409e-08
1.87568504409e-08
1.87568504409e-08
1.87568504409e-08
1.87568504409e-08
1.87568504409e-08
1.87568504409e-08
0.0
8.82980844691e-10
5.23036300382e-09
5.23036300382e-09
5.23036300382e-09
5.23036300382e-09
5.23036300382e-09
5.23036300382e-09
5.23036300382e-09
5.23036300382e-09
5.23036300382e-09
5.23036300382e-09
5.23036300382e-09
5.23036300382e-09
5.23036300382e-09
5.23036300382e-09
5.23036300382e-09
5.23036300382e-09
5.23036300382e-09
5.23036300382e-09
5.23036300382e-09
5.23036300382e-09
5.23036300382e-09
5.23036300382e-09
5.23036300382e-09
5.23036300382e-09
5.23036300382e-09
5.23036300382e-09
5.23036300382e-09
5.23036300382e-09
5.23036300382e-09
5.23036300382e-09
5.23036300382e-09
5.23036300382e-09
5.23036300382e-09
5.23036300382e-09
5.23036300382e-09
5.23036300382e-09
5.23036300382e-09
5.23036300382e-09
5.23036300382e-09
5.23036300382e-09
5.23036300382e-09
5.23036300382e-09
5.23036300382e-09
5.23036300382e-09
5.23036300382e-09
5.23036300382e-09
5.23036300382e-09
5.23036300382e-09
5.23036300382e-09
5.23036300382e-09
5.23036300382e-09
5.23036300382e-09
5.23036300382e-09
5.23036300382e-09
5.23036300382e-09
5.23036300382e-09
5.23036300382e-09
5.23036300382e-09
5.23036300382e-09
5.23036300382e-09
5.23036300382e-09
5.23036300382e-09
5.23036300382e-09
5.23036300382e-09
5.23036300382e-09
5.23036300382e-09
5.23036300382e-09
5.23036300382e-09
5.23036300382e-09
5.23036300382e-09
5.23036300382e-09
5.23036300382e-09
5.23036300382e-09
5.23036300382e-09
5.23036300382e-09
5.23036300382e-09
5.23036300382e-09
5.23036300382e-09
5.23036300382e-09
5.23036300382e-09
5.23036300382e-09
5.23036300382e-09
5.23036300382e-09
5.23036300382e-09
5.23036300382e-09
5.23036300382e-09
5.23036300382e-09
5.23036300382e-09
5.23036300382e-09
5.23036300382e-09
5.23036300382e-09
5.23036300382e-09
5.23036300382e-09
5.23036300382e-09
5.23036300382e-09
5.23036300382e-09
5.23036300382e-09
3.5319233779e-10
1.86984178835e-09
1.86984178835e-09
1.86984178835e-09
1.86984178835e-09
1.86984178835e-09
1.86984178835e-09
1.86984178835e-09
1.86984178835e-09
1.86984178835e-09
1.86984178835e-09
1.86984178835e-09
1.86984178835e-09
1.86984178835e-09
1.86984178835e-09
1.86984178835e-09
1.86984178835e-09
1.86984178835e-09
1.86984178835e-09
1.86984178835e-09
1.86984178835e-09
1.86984178835e-09
1.86984178835e-09
1.86984178835e-09
1.86984178835e-09
1.86984178835e-09
1.86984178835e-09
1.86984178835e-09
1.86984178835e-09
1.86984178835e-09
1.86984178835e-09
1.86984178835e-09
1.86984178835e-09
1.86984178835e-09
1.86984178835e-09
1.86984178835e-09
1.86984178835e-09
1.86984178835e-09
1.86984178835e-09
1.86984178835e-09
1.86984178835e-09
1.86984178835e-09
1.86984178835e-09
1.86984178835e-09
1.86984178835e-09
1.86984178835e-09
1.86984178835e-09
1.86984178835e-09
1.86984178835e-09
1.86984178835e-09
1.86984178835e-09
1.86984178835e-09
1.86984178835e-09
1.86984178835e-09
1.86984178835e-09
1.86984178835e-09
1.86984178835e-09
1.86984178835e-09
1.86984178835e-09
1.86984178835e-09
1.86984178835e-09
1.86984178835e-09
1.86984178835e-09
1.86984178835e-09
1.86984178835e-09
1.86984178835e-09
1.86984178835e-09
1.86984178835e-09
1.86984178835e-09
1.86984178835e-09
1.86984178835e-09
1.86984178835e-09
1.86984178835e-09
1.86984178835e-09
1.86984178835e-09
1.86984178835e-09
1.86984178835e-09
1.86984178835e-09
1.86984178835e-09
1.86984178835e-09
1.86984178835e-09
1.86984178835e-09
1.86984178835e-09
1.86984178835e-09
1.86984178835e-09
1.86984178835e-09
1.86984178835e-09
1.86984178835e-09
1.86984178835e-09
1.86984178835e-09
1.86984178835e-09
1.86984178835e-09
1.86984178835e-09
1.86984178835e-09
1.86984178835e-09
1.86984178835e-09
1.86984178835e-09
1.86984178835e-09
1.86984178835e-09
7.47936715166e-10
7.47936715166e-10
7.47936715166e-10
7.47936715166e-10
7.47936715166e-10
7.47936715166e-10
7.47936715166e-10
7.47936715166e-10
7.47936715166e-10
7.47936715166e-10
7.47936715166e-10
7.47936715166e-10
7.47936715166e-10
7.47936715166e-10
7.47936715166e-10
7.47936715166e-10
7.47936715166e-10
7.47936715166e-10
7.47936715166e-10
7.47936715166e-10
7.47936715166e-10
7.47936715166e-10
7.47936715166e-10
7.47936715166e-10
7.47936715166e-10
7.47936715166e-10
7.47936715166e-10
7.47936715166e-10
7.47936715166e-10
7.47936715166e-10
7.47936715166e-10
7.47936715166e-10
7.47936715166e-10
7.47936715166e-10
7.47936715166e-10
7.47936715166e-10
7.47936715166e-10
7.47936715166e-10
7.47936715166e-10
7.47936715166e-10
7.47936715166e-10
7.47936715166e-10
7.47936715166e-10
7.47936715166e-10
7.47936715166e-10
7.47936715166e-10
7.47936715166e-10
7.47936715166e-10
7.47936715166e-10
7.47936715166e-10
7.47936715166e-10
7.47936715166e-10
7.47936715166e-10
7.47936715166e-10
7.47936715166e-10
7.47936715166e-10
7.47936715166e-10
7.47936715166e-10
7.47936715166e-10
7.47936715166e-10
7.47936715166e-10
7.47936715166e-10
7.47936715166e-10
7.47936715166e-10
7.47936715166e-10
7.47936715166e-10
7.47936715166e-10
7.47936715166e-10
7.47936715166e-10
7.47936715166e-10
7.47936715166e-10
7.47936715166e-10
7.47936715166e-10
7.47936715166e-10
7.47936715166e-10
7.47936715166e-10
7.47936715166e-10
7.47936715166e-10
7.47936715166e-10
7.47936715166e-10
7.47936715166e-10
7.47936715166e-10
7.47936715166e-10
7.47936715166e-10
7.47936715166e-10
7.47936715166e-10
7.47936715166e-10
7.47936715166e-10
7.47936715166e-10
7.47936715166e-10
7.47936715166e-10
7.47936715166e-10
7.47936715166e-10
7.47936715166e-10
7.47936715166e-10
7.47936715166e-10
7.47936715166e-10
7.47936715166e-10
7.47936715166e-10
