[ 0.        0.        0.        0.        0.        0.        0.        0.
  0.        0.        0.        0.        0.        0.        0.        0.
  0.        0.        0.        0.        0.        0.        0.        0.
  0.        0.        0.        0.        0.        0.        0.        0.
  0.        0.        0.        0.        0.        0.        0.        0.
  0.        0.        0.        0.        0.        0.        0.        0.
  0.        0.        0.4       0.4       0.4       0.4       0.4       0.4
  0.4       0.4       0.4       0.4       0.4       0.4       0.4       0.4
  0.4       0.4       0.4       0.4       0.4       0.4       0.4       0.4
  0.4       0.4       0.4       0.64      0.64      0.64      0.64      0.64
  0.64      0.64      0.64      0.64      0.64      0.64      0.64      0.64
  0.784     0.784     0.784     0.784     0.784     0.784     0.8704
  0.8704    0.8704    0.92224   0.92224   0.953344  1.      ]
[ 0.          0.          0.          0.          0.          0.          0.
  0.          0.          0.          0.          0.          0.          0.
  0.          0.          0.          0.          0.          0.          0.
  0.          0.          0.          0.          0.16        0.16        0.16
  0.16        0.16        0.16        0.16        0.16        0.16        0.16
  0.16        0.16        0.16        0.256       0.256       0.256       0.256
  0.256       0.256       0.3136      0.3136      0.3136      0.34816
  0.34816     0.368896    0.4         0.4         0.4         0.4         0.4
  0.4         0.4         0.4096      0.4096      0.4096      0.44416
  0.464896    0.4773376   0.496       0.496       0.496       0.50176
  0.50176     0.5349376   0.5536      0.5536      0.557056    0.58816
  0.5902336   0.61014016  0.64        0.64        0.64        0.64
  0.6478336   0.666496    0.68640256  0.6976      0.701056    0.72096256
  0.73216     0.752896    0.7660841   0.784       0.784       0.7998976
  0.81856     0.83257754  0.8517376   0.8704      0.87993856  0.89954652
  0.92224     0.93972791  0.96383675  1.        ]
[ 0.          0.          0.          0.          0.          0.          0.
  0.          0.          0.          0.          0.          0.          0.064
  0.064       0.064       0.064       0.064       0.064       0.1024
  0.1024      0.1024      0.12544     0.12544     0.139264    0.16        0.16
  0.16        0.16        0.16384     0.177664    0.19093504  0.1984
  0.200704    0.21397504  0.22144     0.235264    0.24405606  0.256       0.256
  0.2665984   0.27904     0.28838502  0.3011584   0.3136      0.31995904
  0.33303101  0.34816     0.35981861  0.37589117  0.4         0.4         0.4
  0.4         0.40384     0.417664    0.43093504  0.4384      0.440704
  0.45397504  0.46144     0.475264    0.48405606  0.496       0.496
  0.5065984   0.51904     0.52838502  0.5411584   0.5536      0.55995904
  0.57303101  0.58816     0.59981861  0.61589117  0.64        0.64
  0.64313344  0.65856102  0.6644224   0.676864    0.69043364  0.6976
  0.711424    0.72469504  0.73597542  0.752896    0.7695347   0.784
  0.79513661  0.8061184   0.81856     0.83481702  0.8517376   0.8704
  0.88367104  0.90089021  0.92224     0.94053413  0.96432048  1.        ]
[ 0.          0.          0.          0.          0.          0.          0.
  0.0256      0.0256      0.0256      0.04096     0.050176    0.0557056
  0.064       0.064       0.0710656   0.07936     0.08559002  0.0941056
  0.1024      0.10663936  0.11535401  0.12544     0.13321241  0.14392744
  0.16        0.16        0.161536    0.17237402  0.1762816   0.184576
  0.19362243  0.1984      0.207616    0.21646336  0.22398362  0.235264
  0.24635647  0.256       0.26342441  0.2707456   0.27904     0.28987802
  0.3011584   0.3136      0.32244736  0.33392681  0.34816     0.36035609
  0.37621365  0.4         0.4         0.401536    0.41237402  0.4162816
  0.424576    0.43362243  0.4384      0.447616    0.45646336  0.46398362
  0.475264    0.48635647  0.496       0.50342441  0.5107456   0.51904
  0.52987802  0.5411584   0.5536      0.56244736  0.57392681  0.58816
  0.60035609  0.61621365  0.64        0.64125338  0.64976896  0.66017346
  0.6685696   0.67839017  0.69181388  0.70205465  0.711424    0.72469504
  0.73746842  0.752896    0.76972819  0.78475203  0.79610407  0.8070341
  0.82123279  0.83481702  0.8517376   0.87085122  0.88422046  0.90089021
  0.92251073  0.94053413  0.96432048  1.        ]
[ 0.          0.          0.          0.          0.01024     0.016384
  0.02228224  0.0256      0.031744    0.03764224  0.04265574  0.050176
  0.05757098  0.064       0.06894961  0.0738304   0.07936     0.08658534
  0.0941056   0.1024      0.10829824  0.11595121  0.12544     0.13357072
  0.14414243  0.16        0.1606144   0.16651264  0.17344897  0.1790464
  0.18559345  0.19454259  0.20136976  0.207616    0.21646336  0.22497894
  0.235264    0.24648546  0.25650135  0.26406938  0.27135607  0.28082186
  0.28987802  0.3011584   0.31390081  0.32281364  0.33392681  0.34834049
  0.36035609  0.37621365  0.4         0.4006144   0.40651264  0.41344897
  0.4190464   0.42559345  0.43454259  0.44136976  0.447616    0.45646336
  0.46497894  0.475264    0.48648546  0.49650135  0.50406938  0.51135607
  0.52082186  0.52987802  0.5411584   0.55390081  0.56281364  0.57392681
  0.58834049  0.60035609  0.61621365  0.64        0.64390758  0.65142784
  0.66072555  0.6685696   0.67898737  0.69189128  0.70244163  0.71249311
  0.72469504  0.73768818  0.75300429  0.76972819  0.78634455  0.79643533
  0.80739242  0.82146498  0.83481702  0.85180258  0.87180673  0.88443545
  0.90089021  0.92308404  0.94053413  0.96432048  1.        ]
[ 0.          0.          0.004096    0.0089129   0.0126976   0.0170623
  0.02302839  0.02757984  0.031744    0.03764224  0.0433193   0.050176
  0.05765697  0.06424576  0.06937959  0.07423738  0.08054791  0.08658534
  0.0941056   0.10260054  0.10854243  0.11595121  0.12556032  0.13357072
  0.14414243  0.16        0.16260506  0.16761856  0.17381703  0.1790464
  0.18599158  0.19459418  0.20162775  0.20832874  0.21646336  0.22512546
  0.23533619  0.24648546  0.25756303  0.26429022  0.27159495  0.28097665
  0.28987802  0.30120172  0.31453782  0.32295697  0.33392681  0.34872269
  0.36035609  0.37621365  0.4         0.40260506  0.40761856  0.41381703
  0.4190464   0.42599158  0.43459418  0.44162775  0.44832874  0.45646336
  0.46512546  0.47533619  0.48648546  0.49756303  0.50429022  0.51159495
  0.52097665  0.52987802  0.54120172  0.55453782  0.56295697  0.57392681
  0.58872269  0.60035609  0.61621365  0.64        0.64457114  0.65142784
  0.66075651  0.66899725  0.67907527  0.69189128  0.70257413  0.71258599
  0.72472103  0.73777418  0.75323362  0.76972819  0.78674268  0.79645391
  0.80744516  0.82154448  0.83483262  0.85194017  0.87204561  0.8844671
  0.90089957  0.92322737  0.94053974  0.96432385  1.        ]
[ 0.          0.0016384   0.00507904  0.00921136  0.0126976   0.01732772
  0.02306279  0.02775184  0.03221916  0.03764224  0.04341697  0.05022413
  0.05765697  0.06504202  0.06952681  0.07439663  0.0806511   0.08658534
  0.09413448  0.10302521  0.10863798  0.11595121  0.12581513  0.13357072
  0.14414243  0.16        0.16304742  0.16761856  0.17383767  0.1793315
  0.18605018  0.19459418  0.20171609  0.20839066  0.21648069  0.22518279
  0.23548908  0.24648546  0.25782845  0.2643026   0.27163011  0.28102965
  0.28988841  0.30129345  0.31469707  0.32297807  0.33393305  0.34881824
  0.36035983  0.3762159   0.4         0.40304742  0.40761856  0.41383767
  0.4193315   0.42605018  0.43459418  0.44171609  0.44839066  0.45648069
  0.46518279  0.47548908  0.48648546  0.49782845  0.5043026   0.51163011
  0.52102965  0.52988841  0.54129345  0.55469707  0.56297807  0.57393305
  0.58881824  0.60035983  0.6162159   0.64        0.64457114  0.6515989
  0.66075651  0.6690344   0.67910967  0.69189128  0.70258156  0.71261779
  0.72477607  0.73778684  0.75329095  0.76972954  0.78674268  0.79645391
  0.8074658   0.82154894  0.83486564  0.85197457  0.87204561  0.88447948
  0.90091938  0.92322737  0.94055163  0.96433098  1.        ]
[ 0.          0.00203162  0.00507904  0.00922512  0.01288766  0.01736679
  0.02306279  0.02781073  0.03226044  0.03765379  0.04345519  0.05032605
  0.05765697  0.06521897  0.06953507  0.07442007  0.08068644  0.08659227
  0.09419563  0.10313138  0.10865204  0.11595536  0.12587883  0.13357322
  0.14414393  0.16        0.16304742  0.1677326   0.17383767  0.17935626
  0.18607311  0.19459418  0.20172104  0.20841186  0.21651738  0.22519123
  0.2355273   0.24648636  0.25782845  0.2643026   0.27164387  0.28103263
  0.28991043  0.30131638  0.31469707  0.32298632  0.33394626  0.34881824
  0.36036775  0.37622065  0.4         0.40304742  0.4077326   0.41383767
  0.41935626  0.42607311  0.43459418  0.44172104  0.44841186  0.45651738
  0.46519123  0.4755273   0.48648636  0.49782845  0.5043026   0.51164387
  0.52103263  0.52991043  0.54131638  0.55469707  0.56298632  0.57394626
  0.58881824  0.60036775  0.61622065  0.64        0.64463956  0.65161376
  0.66075651  0.66904712  0.67911474  0.69189182  0.70258156  0.71261958
  0.72478983  0.73779179  0.75329095  0.76973239  0.78678374  0.79645391
  0.80746884  0.82154894  0.8348739   0.85197457  0.87207024  0.8844813
  0.90092434  0.92324214  0.9405546   0.96433276  1.        ]
[ 0.          0.00203162  0.00515507  0.00922512  0.01290418  0.01738208
  0.02306279  0.02781403  0.03227457  0.03767825  0.04346082  0.05035153
  0.05765757  0.06521897  0.06953507  0.07442925  0.08068842  0.08660695
  0.09421092  0.10313138  0.10865755  0.11596417  0.12587883  0.1335785
  0.1441471   0.16        0.16309304  0.16774251  0.17383767  0.17936474
  0.18607649  0.19459454  0.20172104  0.20841305  0.21652655  0.22519453
  0.2355273   0.24648826  0.25785582  0.2643026   0.27164589  0.28103263
  0.28991593  0.30131638  0.31471349  0.32298754  0.33394956  0.3488281
  0.36036974  0.37622184  0.4         0.40309304  0.40774251  0.41383767
  0.41936474  0.42607649  0.43459454  0.44172104  0.44841305  0.45652655
  0.46519453  0.4755273   0.48648826  0.49785582  0.5043026   0.51164589
  0.52103263  0.52991593  0.54131638  0.55471349  0.56298754  0.57394956
  0.5888281   0.60036974  0.61622184  0.64        0.6446455   0.65161885
  0.66075673  0.66904783  0.67911672  0.69189296  0.70258156  0.71261958
  0.72478983  0.73779252  0.75329686  0.7697331   0.7867873   0.79645404
  0.80747003  0.82154894  0.8348739   0.85197811  0.87207238  0.88448202
  0.90092434  0.92324343  0.9405546   0.96433276  1.        ]
[ 0.          0.00206203  0.00516167  0.00922512  0.01290983  0.01738433
  0.02306303  0.02781403  0.03227537  0.03768437  0.04346302  0.05035153
  0.05765884  0.06523722  0.06953507  0.0744306   0.08068842  0.08661062
  0.09421092  0.10314233  0.10865836  0.11596637  0.1258854   0.13357982
  0.14414789  0.16        0.163097    0.1677459   0.17383782  0.17936522
  0.18607781  0.1945953   0.20172104  0.20841305  0.21652655  0.22519501
  0.23553124  0.24648874  0.2578582   0.26430269  0.27164669  0.28103263
  0.28991593  0.30131874  0.31471492  0.32298801  0.33394956  0.34882895
  0.36036974  0.37622184  0.4         0.403097    0.4077459   0.41383782
  0.41936522  0.42607781  0.4345953   0.44172104  0.44841305  0.45652655
  0.46519501  0.47553124  0.48648874  0.4978582   0.50430269  0.51164669
  0.52103263  0.52991593  0.54131874  0.55471492  0.56298801  0.57394956
  0.58882895  0.60036974  0.61622184  0.64        0.64464754  0.65161913
  0.66075718  0.66904783  0.67911701  0.69189324  0.70258161  0.71261958
  0.72479125  0.73779281  0.75329737  0.7697331   0.78678852  0.79645431
  0.80747021  0.82154897  0.83487475  0.85197842  0.87207311  0.88448212
  0.90092485  0.92324387  0.94055491  0.96433295  1.        ]
[ 0.          0.00206467  0.00516393  0.00922521  0.01291015  0.01738521
  0.02306354  0.02781403  0.03227537  0.03768437  0.04346334  0.05035416
  0.05765916  0.0652388   0.06953513  0.07443112  0.08068842  0.08661062
  0.0942125   0.10314328  0.10865867  0.11596637  0.12588597  0.13357982
  0.14414789  0.16        0.16309836  0.16774609  0.17383812  0.17936522
  0.18607801  0.19459549  0.20172108  0.20841305  0.2165275   0.2251952
  0.23553158  0.24648874  0.25785902  0.26430287  0.2716468   0.28103265
  0.2899165   0.30131895  0.31471541  0.32298808  0.3339499   0.34882925
  0.36036994  0.37622196  0.4         0.40309836  0.40774609  0.41383812
  0.41936522  0.42607801  0.43459549  0.44172108  0.44841305  0.4565275
  0.4651952   0.47553158  0.48648874  0.49785902  0.50430287  0.5116468
  0.52103265  0.5299165   0.54131895  0.55471541  0.56298808  0.5739499
  0.58882925  0.60036994  0.61622196  0.64        0.64464765  0.65161913
  0.6607573   0.66904783  0.67911712  0.69189324  0.70258172  0.71261959
  0.72479137  0.73779285  0.75329755  0.76973318  0.78678859  0.79645438
  0.80747027  0.82154903  0.83487482  0.85197853  0.87207316  0.88448216
  0.90092489  0.92324389  0.94055494  0.96433296  1.        ]
[ 0.          0.00206557  0.00516406  0.00922541  0.01291015  0.01738534
  0.02306366  0.02781405  0.03227537  0.037685    0.04346347  0.05035439
  0.05765916  0.06523934  0.06953525  0.0744312   0.08068843  0.086611
  0.09421263  0.10314361  0.10865872  0.1159666   0.12588616  0.13357996
  0.14414798  0.16        0.16309844  0.16774609  0.1738382   0.17936522
  0.18607808  0.19459549  0.20172115  0.20841306  0.21652758  0.22519523
  0.2355317   0.24648879  0.25785906  0.26430292  0.27164685  0.28103269
  0.28991655  0.30131902  0.31471544  0.32298811  0.33394993  0.34882926
  0.36036996  0.37622197  0.4         0.40309844  0.40774609  0.4138382
  0.41936522  0.42607808  0.43459549  0.44172115  0.44841306  0.45652758
  0.46519523  0.4755317   0.48648879  0.49785906  0.50430292  0.51164685
  0.52103269  0.52991655  0.54131902  0.55471544  0.56298811  0.57394993
  0.58882926  0.60036996  0.61622197  0.64        0.64464765  0.65161913
  0.6607573   0.66904783  0.67911714  0.69189327  0.70258175  0.71261961
  0.72479141  0.73779287  0.75329756  0.76973318  0.78678859  0.79645438
  0.80747028  0.82154905  0.83487485  0.85197853  0.87207316  0.88448217
  0.90092491  0.92324389  0.94055494  0.96433297  1.        ]
[ 0.          0.00206562  0.00516406  0.00922547  0.01291015  0.01738539
  0.02306366  0.0278141   0.03227537  0.03768505  0.04346349  0.05035447
  0.05765919  0.06523937  0.06953528  0.07443123  0.08068846  0.08661103
  0.09421268  0.10314362  0.10865874  0.11596662  0.12588617  0.13357997
  0.14414798  0.16        0.16309844  0.16774609  0.1738382   0.17936522
  0.18607809  0.19459551  0.20172117  0.20841308  0.21652761  0.22519524
  0.2355317   0.24648879  0.25785906  0.26430292  0.27164686  0.2810327
  0.28991656  0.30131902  0.31471544  0.32298811  0.33394994  0.34882926
  0.36036996  0.37622198  0.4         0.40309844  0.40774609  0.4138382
  0.41936522  0.42607809  0.43459551  0.44172117  0.44841308  0.45652761
  0.46519524  0.4755317   0.48648879  0.49785906  0.50430292  0.51164686
  0.5210327   0.52991656  0.54131902  0.55471544  0.56298811  0.57394994
  0.58882926  0.60036996  0.61622198  0.64        0.64464765  0.65161913
  0.66075731  0.66904785  0.67911715  0.69189327  0.70258175  0.71261962
  0.72479141  0.73779287  0.75329756  0.76973319  0.78678859  0.79645439
  0.80747029  0.82154905  0.83487485  0.85197853  0.87207316  0.88448217
  0.90092491  0.92324389  0.94055495  0.96433297  1.        ]
[ 0.          0.00206562  0.00516406  0.00922547  0.01291015  0.0173854
  0.02306368  0.02781411  0.03227538  0.03768507  0.0434635   0.05035447
  0.05765919  0.06523937  0.06953528  0.07443124  0.08068847  0.08661104
  0.09421268  0.10314362  0.10865874  0.11596663  0.12588617  0.13357998
  0.14414799  0.16        0.16309844  0.16774609  0.17383821  0.17936523
  0.1860781   0.19459552  0.20172117  0.20841308  0.21652761  0.22519525
  0.2355317   0.24648879  0.25785906  0.26430292  0.27164686  0.2810327
  0.28991657  0.30131902  0.31471544  0.32298812  0.33394994  0.34882926
  0.36036996  0.37622198  0.4         0.40309844  0.40774609  0.41383821
  0.41936523  0.4260781   0.43459552  0.44172117  0.44841308  0.45652761
  0.46519525  0.4755317   0.48648879  0.49785906  0.50430292  0.51164686
  0.5210327   0.52991657  0.54131902  0.55471544  0.56298812  0.57394994
  0.58882926  0.60036996  0.61622198  0.64        0.64464765  0.65161914
  0.66075731  0.66904785  0.67911715  0.69189327  0.70258175  0.71261962
  0.72479141  0.73779287  0.75329756  0.76973319  0.78678859  0.79645439
  0.80747029  0.82154905  0.83487485  0.85197853  0.87207316  0.88448217
  0.90092491  0.92324389  0.94055495  0.96433297  1.        ]
[ 0.          0.00206562  0.00516406  0.00922547  0.01291015  0.0173854
  0.02306368  0.02781411  0.03227539  0.03768507  0.0434635   0.05035447
  0.05765919  0.06523937  0.06953528  0.07443124  0.08068847  0.08661104
  0.09421268  0.10314362  0.10865874  0.11596663  0.12588617  0.13357998
  0.14414799  0.16        0.16309844  0.16774609  0.17383821  0.17936523
  0.1860781   0.19459552  0.20172117  0.20841308  0.21652761  0.22519525
  0.2355317   0.24648879  0.25785906  0.26430292  0.27164686  0.2810327
  0.28991657  0.30131902  0.31471544  0.32298812  0.33394994  0.34882926
  0.36036996  0.37622198  0.4         0.40309844  0.40774609  0.41383821
  0.41936523  0.4260781   0.43459552  0.44172117  0.44841308  0.45652761
  0.46519525  0.4755317   0.48648879  0.49785906  0.50430292  0.51164686
  0.5210327   0.52991657  0.54131902  0.55471544  0.56298812  0.57394994
  0.58882926  0.60036996  0.61622198  0.64        0.64464766  0.65161914
  0.66075731  0.66904785  0.67911715  0.69189327  0.70258175  0.71261962
  0.72479141  0.73779287  0.75329756  0.76973319  0.78678859  0.79645439
  0.80747029  0.82154905  0.83487485  0.85197853  0.87207316  0.88448217
  0.90092491  0.92324389  0.94055495  0.96433297  1.        ]
[ 0.          0.00206562  0.00516406  0.00922547  0.01291015  0.0173854
  0.02306368  0.02781411  0.03227539  0.03768507  0.0434635   0.05035447
  0.05765919  0.06523937  0.06953528  0.07443124  0.08068847  0.08661104
  0.09421268  0.10314362  0.10865874  0.11596663  0.12588617  0.13357998
  0.14414799  0.16        0.16309844  0.16774609  0.17383821  0.17936523
  0.1860781   0.19459552  0.20172117  0.20841308  0.21652761  0.22519525
  0.2355317   0.24648879  0.25785906  0.26430292  0.27164686  0.2810327
  0.28991657  0.30131902  0.31471544  0.32298812  0.33394994  0.34882926
  0.36036996  0.37622198  0.4         0.40309844  0.40774609  0.41383821
  0.41936523  0.4260781   0.43459552  0.44172117  0.44841308  0.45652761
  0.46519525  0.4755317   0.48648879  0.49785906  0.50430292  0.51164686
  0.5210327   0.52991657  0.54131902  0.55471544  0.56298812  0.57394994
  0.58882926  0.60036996  0.61622198  0.64        0.64464766  0.65161914
  0.66075731  0.66904785  0.67911715  0.69189327  0.70258175  0.71261962
  0.72479141  0.73779287  0.75329756  0.76973319  0.78678859  0.79645439
  0.80747029  0.82154905  0.83487485  0.85197853  0.87207316  0.88448217
  0.90092491  0.92324389  0.94055495  0.96433297  1.        ]
[ 0.          0.00206562  0.00516406  0.00922547  0.01291015  0.0173854
  0.02306368  0.02781411  0.03227539  0.03768507  0.0434635   0.05035447
  0.05765919  0.06523937  0.06953528  0.07443124  0.08068847  0.08661104
  0.09421268  0.10314362  0.10865874  0.11596663  0.12588617  0.13357998
  0.14414799  0.16        0.16309844  0.16774609  0.17383821  0.17936523
  0.1860781   0.19459552  0.20172117  0.20841308  0.21652761  0.22519525
  0.2355317   0.24648879  0.25785906  0.26430292  0.27164686  0.2810327
  0.28991657  0.30131902  0.31471544  0.32298812  0.33394994  0.34882926
  0.36036996  0.37622198  0.4         0.40309844  0.40774609  0.41383821
  0.41936523  0.4260781   0.43459552  0.44172117  0.44841308  0.45652761
  0.46519525  0.4755317   0.48648879  0.49785906  0.50430292  0.51164686
  0.5210327   0.52991657  0.54131902  0.55471544  0.56298812  0.57394994
  0.58882926  0.60036996  0.61622198  0.64        0.64464766  0.65161914
  0.66075731  0.66904785  0.67911715  0.69189327  0.70258175  0.71261962
  0.72479141  0.73779287  0.75329756  0.76973319  0.78678859  0.79645439
  0.80747029  0.82154905  0.83487485  0.85197853  0.87207316  0.88448217
  0.90092491  0.92324389  0.94055495  0.96433297  1.        ]
[ 0.          0.00206562  0.00516406  0.00922547  0.01291015  0.0173854
  0.02306368  0.02781411  0.03227539  0.03768507  0.0434635   0.05035447
  0.05765919  0.06523937  0.06953528  0.07443124  0.08068847  0.08661104
  0.09421268  0.10314362  0.10865874  0.11596663  0.12588617  0.13357998
  0.14414799  0.16        0.16309844  0.16774609  0.17383821  0.17936523
  0.1860781   0.19459552  0.20172117  0.20841308  0.21652761  0.22519525
  0.2355317   0.24648879  0.25785906  0.26430292  0.27164686  0.2810327
  0.28991657  0.30131902  0.31471544  0.32298812  0.33394994  0.34882926
  0.36036996  0.37622198  0.4         0.40309844  0.40774609  0.41383821
  0.41936523  0.4260781   0.43459552  0.44172117  0.44841308  0.45652761
  0.46519525  0.4755317   0.48648879  0.49785906  0.50430292  0.51164686
  0.5210327   0.52991657  0.54131902  0.55471544  0.56298812  0.57394994
  0.58882926  0.60036996  0.61622198  0.64        0.64464766  0.65161914
  0.66075731  0.66904785  0.67911715  0.69189327  0.70258175  0.71261962
  0.72479141  0.73779287  0.75329756  0.76973319  0.78678859  0.79645439
  0.80747029  0.82154905  0.83487485  0.85197853  0.87207316  0.88448217
  0.90092491  0.92324389  0.94055495  0.96433297  1.        ]
[ 0.          0.00206562  0.00516406  0.00922547  0.01291015  0.0173854
  0.02306368  0.02781411  0.03227539  0.03768507  0.0434635   0.05035447
  0.05765919  0.06523937  0.06953528  0.07443124  0.08068847  0.08661104
  0.09421268  0.10314362  0.10865874  0.11596663  0.12588617  0.13357998
  0.14414799  0.16        0.16309844  0.16774609  0.17383821  0.17936523
  0.1860781   0.19459552  0.20172117  0.20841308  0.21652761  0.22519525
  0.2355317   0.24648879  0.25785906  0.26430292  0.27164686  0.2810327
  0.28991657  0.30131902  0.31471544  0.32298812  0.33394994  0.34882926
  0.36036996  0.37622198  0.4         0.40309844  0.40774609  0.41383821
  0.41936523  0.4260781   0.43459552  0.44172117  0.44841308  0.45652761
  0.46519525  0.4755317   0.48648879  0.49785906  0.50430292  0.51164686
  0.5210327   0.52991657  0.54131902  0.55471544  0.56298812  0.57394994
  0.58882926  0.60036996  0.61622198  0.64        0.64464766  0.65161914
  0.66075731  0.66904785  0.67911715  0.69189327  0.70258175  0.71261962
  0.72479141  0.73779287  0.75329756  0.76973319  0.78678859  0.79645439
  0.80747029  0.82154905  0.83487485  0.85197853  0.87207316  0.88448217
  0.90092491  0.92324389  0.94055495  0.96433297  1.        ]
